15 21 26 27 35 49 59 62 63 77 83 86 86 90 92 93 * 2 11 22 23 26 29 29 30 35 36 40 58 62 67 67 67 68 69 72 82

15 21 26 27  2 11 22 23 26 # 77 83 86 86 90 92 93 35 49 59 62 63 * 29 29 30 35 36 40 58 62 67 67 67 68 69 72 82

 2 11 15 21 22 23 26 26 27 # 77 83 86 86 90 92 93 35 49 59 62 63 * 29 29 30 35 36 40 58 62 67 67 67 68 69 72 82

 2 11 15 21 22 23 26 26 27 # 35 49 59 62 90 92 93 77 83 86 86 63 *

 2 11 15 21 22 23 26 26 27 # 35 49 59 62 90 92 93 77 83 86 63 86 *

 2 11 15 21 22 23 26 26 27 # 35 49 59 62 90 92 93 63 77 83 86 86 *

 2 11 15 21 22 23 26 26 27 35 49 59 62 29 29 30 35 36 40 58 62 # 90 92 93 63 77 83 86 86 * 67 67 67 68 69 72 82

 2 11 15 21 22 23 26 26 27 29 29 30 35 35 36 40 49 58 59 62 62 # 90 92 93 63 77 83 86 86 * 67 67 67 68 69 72 82

 2 11 15 21 22 23 26 26 27 29 29 30 35 35 36 40 49 58 59 62 62 # 63 77 83 86 90 92 93 86 * 67 67 67 68 69 72 82

 2 11 15 21 22 23 26 26 27 29 29 30 35 35 36 40 49 58 59 62 62 63 77 83 86 67 67 67 68 69 72 82 # 90 92 93 86 *

 2 11 15 21 22 23 26 26 27 29 29 30 35 35 36 40 49 58 59 62 62 63 67 67 67 68 69 72 77 82 83 86 # 90 92 93 86 *